TGT = 0.3333333333333333
TGC = 0.6666666666666666
GAT = 0.31496062992125984
GAC = 0.6850393700787402
TCT = 0.5142857142857142
TCG = 0.01904761904761905
TCA = 0.009523809523809525
TCC = 0.21904761904761905
AGC = 0.21904761904761905
AGT = 0.01904761904761905
CAA = 0.14473684210526316
CAG = 0.8552631578947368
ATG = 1.0
AAC = 0.8494623655913979
AAT = 0.15053763440860216
CCT = 0.12280701754385964
CCG = 0.7719298245614035
CCA = 0.10526315789473684
CCC = 0.0
AAG = 0.2916666666666667
AAA = 0.7083333333333334
TAG = 0.0
TGA = 0.0
TAA = 1.0
ACC = 0.46875
ACA = 0.04375
ACG = 0.04375
ACT = 0.44375
TTT = 0.20987654320987653
TTC = 0.7901234567901234
GCA = 0.2517985611510791
GCC = 0.09352517985611511
GCG = 0.19424460431654678
GCT = 0.460431654676259
GGT = 0.5859375
GGG = 0.01953125
GGA = 0.00390625
GGC = 0.390625
ATC = 0.7828571428571428
ATA = 0.005714285714285714
ATT = 0.21142857142857144
TTA = 0.02127659574468085
TTG = 0.03723404255319149
CTC = 0.02127659574468085
CTT = 0.047872340425531915
CTG = 0.8723404255319149
CTA = 0.0
CAT = 0.3181818181818182
CAC = 0.6818181818181818
CGA = 0.0
CGC = 0.2687224669603524
CGG = 0.0
CGT = 0.7224669603524229
AGG = 0.0
AGA = 0.00881057268722467
TGG = 1.0
GTA = 0.2813852813852814
GTC = 0.06060606060606061
GTG = 0.1038961038961039
GTT = 0.5541125541125541
GAG = 0.22388059701492538
GAA = 0.7761194029850746
TAT = 0.21666666666666667
TAC = 0.7833333333333333
